(0,0): 1
(0.0909091,0): 0.99177
(0.181818,0): 0.967483
(0.272727,0): 0.928319
(0.363636,0): 0.876138
(0.454545,0): 0.813336
(0.545455,0): 0.742657
(0.636364,0): 0.667004
(0.727273,0): 0.589238
(0.818182,0): 0.512005
(0.909091,0): 0.437602
(1,0): 0.367879
(0,0.0869565): 0.992467
(0.0909091,0.0869565): 0.9844
(0.181818,0.0869565): 0.960337
(0.272727,0.0869565): 0.921474
(0.363636,0.0869565): 0.869672
(0.454545,0.0869565): 0.807316
(0.545455,0.0869565): 0.737139
(0.636364,0.0869565): 0.662025
(0.727273,0.0869565): 0.584818
(0.818182,0.0869565): 0.508149
(0.909091,0.0869565): 0.434299
(1,0.0869565): 0.365108
(0,0.173913): 0.970207
(0.0909091,0.173913): 0.962367
(0.181818,0.173913): 0.938869
(0.272727,0.173913): 0.900885
(0.363636,0.173913): 0.850239
(0.454545,0.173913): 0.789267
(0.545455,0.173913): 0.720645
(0.636364,0.173913): 0.647198
(0.727273,0.173913): 0.571708
(0.818182,0.173913): 0.49675
(0.909091,0.173913): 0.424554
(1,0.173913): 0.356919
(0,0.26087): 0.934211
(0.0909091,0.26087): 0.926677
(0.181818,0.26087): 0.904061
(0.272727,0.26087): 0.86749
(0.363636,0.26087): 0.81872
(0.454545,0.26087): 0.760002
(0.545455,0.26087): 0.693917
(0.636364,0.26087): 0.623186
(0.727273,0.26087): 0.55049
(0.818182,0.26087): 0.47831
(0.909091,0.26087): 0.408795
(1,0.26087): 0.343677
(0,0.347826): 0.886049
(0.0909091,0.347826): 0.878899
(0.181818,0.347826): 0.85745
(0.272727,0.347826): 0.822763
(0.363636,0.347826): 0.776504
(0.454545,0.347826): 0.720809
(0.545455,0.347826): 0.658126
(0.636364,0.347826): 0.591038
(0.727273,0.347826): 0.522089
(0.818182,0.347826): 0.453633
(0.909091,0.347826): 0.387709
(1,0.347826): 0.325959
(0,0.434783): 0.827757
(0.0909091,0.434783): 0.821062
(0.181818,0.434783): 0.801016
(0.272727,0.434783): 0.768606
(0.363636,0.434783): 0.725387
(0.454545,0.434783): 0.673353
(0.545455,0.434783): 0.614793
(0.636364,0.434783): 0.552119
(0.727273,0.434783): 0.48771
(0.818182,0.434783): 0.423764
(0.909091,0.434783): 0.362187
(1,0.434783): 0.304515
(0,0.521739): 0.761693
(0.0909091,0.521739): 0.755511
(0.181818,0.521739): 0.737051
(0.272727,0.521739): 0.70722
(0.363636,0.521739): 0.667445
(0.454545,0.521739): 0.619563
(0.545455,0.521739): 0.565677
(0.636364,0.521739): 0.508009
(0.727273,0.521739): 0.448746
(0.818182,0.521739): 0.389913
(0.909091,0.521739): 0.333264
(1,0.521739): 0.280211
(0,0.608696): 0.690382
(0.0909091,0.608696): 0.684753
(0.181818,0.608696): 0.668005
(0.272727,0.608696): 0.640957
(0.363636,0.608696): 0.604901
(0.454545,0.608696): 0.5615
(0.545455,0.608696): 0.512661
(0.636364,0.608696): 0.460396
(0.727273,0.608696): 0.406689
(0.818182,0.608696): 0.353375
(0.909091,0.608696): 0.302044
(1,0.608696): 0.253977
(0,0.695652): 0.616355
(0.0909091,0.695652): 0.611303
(0.181818,0.695652): 0.596333
(0.272727,0.695652): 0.572175
(0.363636,0.695652): 0.539979
(0.454545,0.695652): 0.501231
(0.545455,0.695652): 0.45763
(0.636364,0.695652): 0.410975
(0.727273,0.695652): 0.363035
(0.818182,0.695652): 0.31545
(0.909091,0.695652): 0.269638
(1,0.695652): 0.226744
(0,0.782609): 0.542007
(0.0909091,0.782609): 0.537538
(0.181818,0.782609): 0.524357
(0.272727,0.782609): 0.503102
(0.363636,0.782609): 0.474784
(0.454545,0.782609): 0.440708
(0.545455,0.782609): 0.402369
(0.636364,0.782609): 0.361347
(0.727273,0.782609): 0.319199
(0.818182,0.782609): 0.277365
(0.909091,0.782609): 0.237094
(1,0.782609): 0.199393
(0,0.869565): 0.469473
(0.0909091,0.869565): 0.46558
(0.181818,0.869565): 0.454146
(0.272727,0.869565): 0.435725
(0.363636,0.869565): 0.411192
(0.454545,0.869565): 0.381674
(0.545455,0.869565): 0.348468
(0.636364,0.869565): 0.31294
(0.727273,0.869565): 0.27644
(0.818182,0.869565): 0.240216
(0.909091,0.869565): 0.205348
(1,0.869565): 0.17271
(0,0.956522): 0.400543
(0.0909091,0.956522): 0.397201
(0.181818,0.956522): 0.387432
(0.272727,0.956522): 0.371707
(0.363636,0.956522): 0.35077
(0.454545,0.956522): 0.325585
(0.545455,0.956522): 0.297256
(0.636364,0.956522): 0.266949
(0.727273,0.956522): 0.235815
(0.818182,0.956522): 0.204919
(0.909091,0.956522): 0.175183
(1,0.956522): 0.147352
(0,1.04348): 0.336604
(0.0909091,1.04348): 0.33378
(0.181818,1.04348): 0.325559
(0.272727,1.04348): 0.312336
(0.363636,1.04348): 0.294737
(0.454545,1.04348): 0.273571
(0.545455,1.04348): 0.249765
(0.636364,1.04348): 0.224299
(0.727273,1.04348): 0.198141
(0.818182,1.04348): 0.172185
(0.909091,1.04348): 0.147206
(1,1.04348): 0.12383
(0,1.13043): 0.278627
(0.0909091,1.13043): 0.276277
(0.181818,1.13043): 0.269463
(0.272727,1.13043): 0.258511
(0.363636,1.13043): 0.24394
(0.454545,1.13043): 0.226418
(0.545455,1.13043): 0.206713
(0.636364,1.13043): 0.185636
(0.727273,1.13043): 0.163989
(0.818182,1.13043): 0.14251
(0.909091,1.13043): 0.121842
(1,1.13043): 0.102501
(0,1.21739): 0.227173
(0.0909091,1.21739): 0.22525
(0.181818,1.21739): 0.219688
(0.272727,1.21739): 0.210754
(0.363636,1.21739): 0.19887
(0.454545,1.21739): 0.184583
(0.545455,1.21739): 0.168517
(0.636364,1.21739): 0.151334
(0.727273,1.21739): 0.133688
(0.818182,1.21739): 0.11618
(0.909091,1.21739): 0.0993346
(1,1.21739): 0.0835724
(0,1.30435): 0.182442
(0.0909091,1.30435): 0.180893
(0.181818,1.30435): 0.176423
(0.272727,1.30435): 0.169245
(0.363636,1.30435): 0.159699
(0.454545,1.30435): 0.148223
(0.545455,1.30435): 0.13532
(0.636364,1.30435): 0.121522
(0.727273,1.30435): 0.107353
(0.818182,1.30435): 0.0932955
(0.909091,1.30435): 0.0797709
(1,1.30435): 0.0671166
(0,1.3913): 0.144319
(0.0909091,1.3913): 0.143093
(0.181818,1.3913): 0.139555
(0.272727,1.3913): 0.133875
(0.363636,1.3913): 0.126322
(0.454545,1.3913): 0.117243
(0.545455,1.3913): 0.107037
(0.636364,1.3913): 0.0961221
(0.727273,1.3913): 0.0849144
(0.818182,1.3913): 0.0737964
(0.909091,1.3913): 0.0631
(1,1.3913): 0.0530921
(0,1.47826): 0.112449
(0.0909091,1.47826): 0.111495
(0.181818,1.47826): 0.108739
(0.272727,1.47826): 0.104312
(0.363636,1.47826): 0.0984263
(0.454545,1.47826): 0.0913515
(0.545455,1.47826): 0.0833981
(0.636364,1.47826): 0.0748937
(0.727273,1.47826): 0.0661613
(0.818182,1.47826): 0.057499
(0.909091,1.47826): 0.0491653
(1,1.47826): 0.0413677
(0,1.56522): 0.0863017
(0.0909091,1.56522): 0.0855732
(0.181818,1.56522): 0.0834588
(0.272727,1.56522): 0.0800618
(0.363636,1.56522): 0.0755441
(0.454545,1.56522): 0.0701136
(0.545455,1.56522): 0.0640089
(0.636364,1.56522): 0.0574815
(0.727273,1.56522): 0.0507792
(0.818182,1.56522): 0.0441308
(0.909091,1.56522): 0.0377343
(1,1.56522): 0.0317486
(0,1.65217): 0.0652403
(0.0909091,1.65217): 0.0646938
(0.181818,1.65217): 0.0630976
(0.272727,1.65217): 0.0605303
(0.363636,1.65217): 0.0571151
(0.454545,1.65217): 0.0530095
(0.545455,1.65217): 0.048394
(0.636364,1.65217): 0.0434588
(0.727273,1.65217): 0.0383913
(0.818182,1.65217): 0.0333644
(0.909091,1.65217): 0.0285276
(1,1.65217): 0.0240005
(0,1.73913): 0.0485785
(0.0909091,1.73913): 0.048176
(0.181818,1.73913): 0.0469898
(0.272727,1.73913): 0.0450794
(0.363636,1.73913): 0.0425367
(0.454545,1.73913): 0.0394795
(0.545455,1.73913): 0.0360423
(0.636364,1.73913): 0.0323668
(0.727273,1.73913): 0.0285924
(0.818182,1.73913): 0.0248479
(0.909091,1.73913): 0.0212445
(1,1.73913): 0.017871
(0,1.82609): 0.0356291
(0.0909091,1.82609): 0.0353376
(0.181818,1.82609): 0.0344697
(0.272727,1.82609): 0.0330698
(0.363636,1.82609): 0.0312056
(0.454545,1.82609): 0.0289635
(0.545455,1.82609): 0.0264424
(0.636364,1.82609): 0.0237461
(0.727273,1.82609): 0.0209769
(0.818182,1.82609): 0.0182291
(0.909091,1.82609): 0.0155842
(1,1.82609): 0.0131072
(0,1.91304): 0.0257393
(0.0909091,1.91304): 0.0255306
(0.181818,1.91304): 0.0249049
(0.272727,1.91304): 0.0238948
(0.363636,1.91304): 0.0225491
(0.454545,1.91304): 0.0209303
(0.545455,1.91304): 0.0191093
(0.636364,1.91304): 0.0171613
(0.727273,1.91304): 0.01516
(0.818182,1.91304): 0.0131736
(0.909091,1.91304): 0.011261
(1,1.91304): 0.00946897
(0,2): 0.0183156
(0.0909091,2): 0.0181649
(0.181818,2): 0.0177201
(0.272727,2): 0.0170028
(0.363636,2): 0.016047
(0.454545,2): 0.0148968
(0.545455,2): 0.0136022
(0.636364,2): 0.0122166
(0.727273,2): 0.0107923
(0.818182,2): 0.00937769
(0.909091,2): 0.00801495
(1,2): 0.00673795
